1 0.8986 0.33082
2 0.795875 0.56336
3 0.70543 0.74994
4 0.630092 0.79996
5 0.60589 0.9615
6 0.525105 0.99996
7 0.517953 0.99995
8 0.45327 1
9 0.402903 0.99999
10 0.362645 1
11 0.329677 1
12 0.302192 0.99996
13 0.27898 0.99996
14 0.259062 1
15 0.241807 1
16 0.226675 1
17 0.213387 1
18 0.20155 1
19 0.190913 0.99997
20 0.181395 1
21 0.172735 1
22 0.164905 1
23 0.15776 1
24 0.151182 1
25 0.145145 1
26 0.13953 0.99996
27 0.134415 1
28 0.12963 1
29 0.125147 1
30 0.12097 1
31 0.117055 1
32 0.113402 1
33 0.110003 1
34 0.10676 1
35 0.103688 0.99995
36 0.100815 1
37 0.0981125 1
38 0.095555 1
39 0.09309 0.99996
40 0.09077 1
41 0.0885425 0.99999
42 0.0864325 1
43 0.08443 1
44 0.0825175 1
45 0.0807125 1
46 0.07892 1
47 0.077285 1
48 0.07569 1
49 0.0741075 1
50 0.072645 1
51 0.0712075 1
52 0.0698375 0.99996
53 0.0685325 1
54 0.06728 1
55 0.0660675 1
56 0.064855 1
57 0.0637475 1
58 0.0626525 1
59 0.0615725 1
60 0.0605575 1
61 0.059595 1
62 0.0585925 1
63 0.05771 1
64 0.0567875 1
65 0.0559175 1
66 0.0551 1
67 0.0542425 1
68 0.0534525 1
69 0.052675 1
70 0.0519225 1
71 0.0511975 1
72 0.0504725 1
73 0.049775 1
74 0.049155 1
75 0.04847 1
76 0.04785 1
77 0.0472175 1
78 0.046585 0.99996
79 0.046005 1
80 0.045425 1
81 0.0448975 1
